4.84	6.96684e-05	7.14454e-06	-6.41805e-05	1.01487e-06	-0.00035147	-6.14926e-05	0.000203985	-2.28555e-06	1e-30	-4.04044e-05	-6.85934e-07	7.77778e-05	1e-30	1.03754e-322	1e-30	1e-30	2.35638e-310	1e-30	1e-30	1e-30	1.35808e-312	
4.84	7.14454e-06	0.000131124	7.50225e-06	-8.2561e-05	-4.81448e-05	-0.000949916	-2.47993e-05	0.000265034	1e-30	4.21861e-06	-5.19497e-05	0.0011571	1e-30	6.91692e-323	1e-30	1e-30	6.5376e-315	1e-30	1e-30	1e-30	6.95332e-310	
4.84	-6.41805e-05	7.50225e-06	0.000231455	1.45973e-05	0.000232605	-2.35959e-05	-0.000738894	-5.28721e-05	1e-30	0.000151956	2.01087e-05	1.13152e-05	1e-30	6.95332e-310	1e-30	1e-30	0.118541	1e-30	1e-30	1e-30	6.95332e-310	
4.84	1.01487e-06	-8.2561e-05	1.45973e-05	0.00038306	1.94551e-06	0.000350033	-5.19539e-05	-0.00120668	1e-30	1.65963e-05	0.000256437	-0.000275851	1e-30	1.3628e+69	1e-30	1e-30	1.3628e+69	1e-30	1e-30	1e-30	8.63479e-320	
4.84	-0.00035147	-4.81448e-05	0.000232605	1.94551e-06	0.00320215	0.000618954	-0.00140785	3.18613e-05	1e-30	0.000456288	-3.8997e-05	-0.00086654	1e-30	4.52007e-153	1e-30	1e-30	4.52007e-153	1e-30	1e-30	1e-30	6.95332e-310	
4.84	-6.14926e-05	-0.000949916	-2.35959e-05	0.000350033	0.000618954	0.0131033	0.00022522	-0.00221527	1e-30	-7.62688e-05	0.000663233	-0.0198175	1e-30	2.35637e-310	1e-30	1e-30	6.53838e-315	1e-30	1e-30	1e-30	2.35637e-310	
4.84	0.000203985	-2.47993e-05	-0.000738894	-5.19539e-05	-0.00140785	0.00022522	0.00482865	0.00037266	1e-30	-0.00171872	-0.000185421	-0.000204165	1e-30	1.72752e-314	1e-30	1e-30	4.24399e-314	1e-30	1e-30	1e-30	6.53838e-315	
4.84	-2.28555e-06	0.000265034	-5.28721e-05	-0.00120668	3.18613e-05	-0.00221527	0.00037266	0.00783511	1e-30	-0.000173376	-0.00294555	0.00212458	1e-30	6.95332e-310	1e-30	1e-30	6.95332e-310	1e-30	1e-30	1e-30	6.95332e-310	
4.84	1e-30	1e-30	1e-30	1e-30	1e-30	1e-30	1e-30	1e-30	1e-30	1e-30	1e-30	1e-30	1e-30	1e-30	1e-30	1e-30	1e-30	1e-30	1e-30	1e-30	1e-30	
4.84	-4.04044e-05	4.21861e-06	0.000151956	1.65963e-05	0.000456288	-7.62688e-05	-0.00171872	-0.000173376	1e-30	0.00470809	0.000472079	6.77584e-05	1e-30	0	1e-30	1e-30	0	1e-30	1e-30	1e-30	3.26463e-314	
4.84	-6.85934e-07	-5.19497e-05	2.01087e-05	0.000256437	-3.8997e-05	0.000663233	-0.000185421	-0.00294555	1e-30	0.000472079	0.00834353	-0.000512169	1e-30	6.95332e-310	1e-30	1e-30	4.94066e-322	1e-30	1e-30	1e-30	0	
4.84	7.77778e-05	0.0011571	1.13152e-05	-0.000275851	-0.00086654	-0.0198175	-0.000204165	0.00212458	1e-30	6.77584e-05	-0.000512169	0.0355236	1e-30	6.93277e-315	1e-30	1e-30	6.93277e-315	1e-30	1e-30	1e-30	6.93277e-315	
4.84	1e-30	1e-30	1e-30	1e-30	1e-30	1e-30	1e-30	1e-30	1e-30	1e-30	1e-30	1e-30	1e-30	1e-30	1e-30	1e-30	1e-30	1e-30	1e-30	1e-30	1e-30	
4.84	1.03754e-322	6.91692e-323	6.95332e-310	1.3628e+69	4.52007e-153	2.35637e-310	1.72752e-314	6.95332e-310	1e-30	0	6.95332e-310	6.93277e-315	1e-30	0	1e-30	1e-30	9.88131e-324	1e-30	1e-30	1e-30	9.88131e-324	
4.84	1e-30	1e-30	1e-30	1e-30	1e-30	1e-30	1e-30	1e-30	1e-30	1e-30	1e-30	1e-30	1e-30	1e-30	1e-30	1e-30	1e-30	1e-30	1e-30	1e-30	1e-30	
4.84	1e-30	1e-30	1e-30	1e-30	1e-30	1e-30	1e-30	1e-30	1e-30	1e-30	1e-30	1e-30	1e-30	1e-30	1e-30	1e-30	1e-30	1e-30	1e-30	1e-30	1e-30	
4.84	2.35638e-310	6.5376e-315	0.118541	1.3628e+69	4.52007e-153	6.53838e-315	4.24399e-314	6.95332e-310	1e-30	0	4.94066e-322	6.93277e-315	1e-30	9.88131e-324	1e-30	1e-30	2.35638e-310	1e-30	1e-30	1e-30	9.88131e-324	
4.84	1e-30	1e-30	1e-30	1e-30	1e-30	1e-30	1e-30	1e-30	1e-30	1e-30	1e-30	1e-30	1e-30	1e-30	1e-30	1e-30	1e-30	1e-30	1e-30	1e-30	1e-30	
4.84	1e-30	1e-30	1e-30	1e-30	1e-30	1e-30	1e-30	1e-30	1e-30	1e-30	1e-30	1e-30	1e-30	1e-30	1e-30	1e-30	1e-30	1e-30	1e-30	1e-30	1e-30	
4.84	1e-30	1e-30	1e-30	1e-30	1e-30	1e-30	1e-30	1e-30	1e-30	1e-30	1e-30	1e-30	1e-30	1e-30	1e-30	1e-30	1e-30	1e-30	1e-30	1e-30	1e-30	
4.84	1.35808e-312	6.95332e-310	6.95332e-310	8.63479e-320	6.95332e-310	2.35637e-310	6.53838e-315	6.95332e-310	1e-30	3.26463e-314	0	6.93277e-315	1e-30	9.88131e-324	1e-30	1e-30	9.88131e-324	1e-30	1e-30	1e-30	6.95332e-310	
16.59	4.47875e-05	7.35226e-06	-1.08405e-05	-2.90996e-06	-8.4921e-05	-1.35005e-05	1.70668e-05	5.10027e-06	1.35447e-05	1.93657e-06	-9.1005e-06	-1.80376e-06	1e-30	1e-30	1e-30	1e-30	1e-30	1e-30	1e-30	1e-30	1.35808e-312	
16.59	7.35226e-06	0.000130992	4.24093e-06	-2.16367e-05	-1.35007e-05	-0.000252762	-7.28069e-06	3.31774e-05	1.92783e-06	3.25711e-05	-1.01726e-07	-2.11491e-05	1e-30	1e-30	1e-30	1e-30	1e-30	1e-30	1e-30	1e-30	6.95332e-310	
16.59	-1.08405e-05	4.24093e-06	0.00025357	2.72313e-05	1.69807e-05	-7.39208e-06	-0.000486753	-4.97793e-05	-9.15628e-06	-1.61483e-07	6.41935e-05	3.78395e-06	1e-30	1e-30	1e-30	1e-30	1e-30	1e-30	1e-30	1e-30	6.95332e-310	
16.59	-2.90996e-06	-2.16367e-05	2.72313e-05	0.000417868	4.98891e-06	3.30177e-05	-5.00255e-05	-0.000795382	-1.87508e-06	-2.12426e-05	3.46534e-06	0.000119123	1e-30	1e-30	1e-30	1e-30	1e-30	1e-30	1e-30	1e-30	8.63479e-320	
16.59	-8.4921e-05	-1.35007e-05	1.69807e-05	4.98891e-06	0.000308008	4.90202e-05	-5.66526e-05	-1.06673e-05	-0.000137434	-1.94419e-05	0.000105429	1.19358e-05	1e-30	1e-30	1e-30	1e-30	1e-30	1e-30	1e-30	1e-30	6.95332e-310	
16.59	-1.35005e-05	-0.000252762	-7.39208e-06	3.30177e-05	4.90202e-05	0.000923113	3.68146e-05	-0.000102399	-1.94254e-05	-0.000314911	-9.20536e-06	0.00022924	1e-30	1e-30	1e-30	1e-30	1e-30	1e-30	1e-30	1e-30	2.35637e-310	
16.59	1.70668e-05	-7.28069e-06	-0.000486753	-5.00255e-05	-5.66526e-05	3.68146e-05	0.00176844	0.000178799	0.000105526	-9.12524e-06	-0.000634207	-4.58937e-05	1e-30	1e-30	1e-30	1e-30	1e-30	1e-30	1e-30	1e-30	6.73482e-315	
16.59	5.10027e-06	3.31774e-05	-4.97793e-05	-0.000795382	-1.06673e-05	-0.000102399	0.000178799	0.00288447	1.20567e-05	0.000229374	-4.54629e-05	-0.00119802	1e-30	1e-30	1e-30	1e-30	1e-30	1e-30	1e-30	1e-30	6.95332e-310	
16.59	1.35447e-05	1.92783e-06	-9.15628e-06	-1.87508e-06	-0.000137434	-1.94254e-05	0.000105526	1.20567e-05	0.000215812	3.52263e-05	-3.74616e-05	-2.25324e-06	1e-30	1e-30	1e-30	1e-30	1e-30	1e-30	1e-30	1e-30	6.95332e-310	
16.59	1.93657e-06	3.25711e-05	-1.61483e-07	-2.12426e-05	-1.94419e-05	-0.000314911	-9.12524e-06	0.000229374	3.52263e-05	0.000649387	3.4778e-05	-6.23317e-05	1e-30	1e-30	1e-30	1e-30	1e-30	1e-30	1e-30	1e-30	3.26463e-314	
16.59	-9.1005e-06	-1.01726e-07	6.41935e-05	3.46534e-06	0.000105429	-9.20536e-06	-0.000634207	-4.54629e-05	-3.74616e-05	3.4778e-05	0.00123963	0.000128141	1e-30	1e-30	1e-30	1e-30	1e-30	1e-30	1e-30	1e-30	0	
16.59	-1.80376e-06	-2.11491e-05	3.78395e-06	0.000119123	1.19358e-05	0.00022924	-4.58937e-05	-0.00119802	-2.25324e-06	-6.23317e-05	0.000128141	0.00202062	1e-30	1e-30	1e-30	1e-30	1e-30	1e-30	1e-30	1e-30	6.93277e-315	
16.59	1e-30	1e-30	1e-30	1e-30	1e-30	1e-30	1e-30	1e-30	1e-30	1e-30	1e-30	1e-30	1e-30	1e-30	1e-30	1e-30	1e-30	1e-30	1e-30	1e-30	1e-30	
16.59	1e-30	1e-30	1e-30	1e-30	1e-30	1e-30	1e-30	1e-30	1e-30	1e-30	1e-30	1e-30	1e-30	1e-30	1e-30	1e-30	1e-30	1e-30	1e-30	1e-30	1e-30	
16.59	1e-30	1e-30	1e-30	1e-30	1e-30	1e-30	1e-30	1e-30	1e-30	1e-30	1e-30	1e-30	1e-30	1e-30	1e-30	1e-30	1e-30	1e-30	1e-30	1e-30	1e-30	
16.59	1e-30	1e-30	1e-30	1e-30	1e-30	1e-30	1e-30	1e-30	1e-30	1e-30	1e-30	1e-30	1e-30	1e-30	1e-30	1e-30	1e-30	1e-30	1e-30	1e-30	1e-30	
16.59	1e-30	1e-30	1e-30	1e-30	1e-30	1e-30	1e-30	1e-30	1e-30	1e-30	1e-30	1e-30	1e-30	1e-30	1e-30	1e-30	1e-30	1e-30	1e-30	1e-30	1e-30	
16.59	1e-30	1e-30	1e-30	1e-30	1e-30	1e-30	1e-30	1e-30	1e-30	1e-30	1e-30	1e-30	1e-30	1e-30	1e-30	1e-30	1e-30	1e-30	1e-30	1e-30	1e-30	
16.59	1e-30	1e-30	1e-30	1e-30	1e-30	1e-30	1e-30	1e-30	1e-30	1e-30	1e-30	1e-30	1e-30	1e-30	1e-30	1e-30	1e-30	1e-30	1e-30	1e-30	1e-30	
16.59	1e-30	1e-30	1e-30	1e-30	1e-30	1e-30	1e-30	1e-30	1e-30	1e-30	1e-30	1e-30	1e-30	1e-30	1e-30	1e-30	1e-30	1e-30	1e-30	1e-30	1e-30	
16.59	1.35808e-312	6.95332e-310	6.95332e-310	8.63479e-320	6.95332e-310	2.35637e-310	6.73482e-315	6.95332e-310	6.95332e-310	3.26463e-314	0	6.93277e-315	1e-30	1e-30	1e-30	1e-30	1e-30	1e-30	1e-30	1e-30	6.95332e-310	

